4.99500499500499
4.99500499500499
5.211677211677216
5.542013542013546
5.872349872349877
6.202686202686206
6.945054945054953
7.659007659007642
7.659007659007642
7.659007659007642
7.659007659007642
7.659007659007642
7.659007659007642
7.659007659007642
7.659007659007642
7.659007659007642
7.659007659007642
7.371295371295355
7.040959040959028
6.7106227106227
6.380286380286372
6.32700632700633
6.32700632700633
6.32700632700633
6.32700632700633
6.32700632700633
6.32700632700633
6.32700632700633
6.32700632700633
6.32700632700633
6.32700632700633
6.32700632700633
6.32700632700633
6.32700632700633
6.32700632700633
6.32700632700633
6.32700632700633
6.32700632700633
6.32700632700633
6.32700632700633
6.32700632700633
6.32700632700633
6.32700632700633
6.32700632700633
6.32700632700633
6.32700632700633
6.32700632700633
6.32700632700633
6.32700632700633
6.32700632700633
6.32700632700633
6.32700632700633
6.32700632700633
6.32700632700633
6.32700632700633
6.32700632700633
6.32700632700633
6.32700632700633
6.32700632700633
6.32700632700633
6.32700632700633
6.32700632700633
6.32700632700633
6.32700632700633
6.32700632700633
6.32700632700633
6.32700632700633
6.32700632700633
7.1155511155511055
7.659007659007642
7.659007659007642
7.659007659007642
7.659007659007642
7.659007659007642
7.659007659007642
7.659007659007642
7.659007659007642
7.659007659007642
7.659007659007642
7.659007659007642
7.659007659007642
7.659007659007642
7.659007659007642
7.659007659007642
7.659007659007642
8.991008991008982
8.991008991008982
8.991008991008982
8.991008991008982
8.991008991008982
8.991008991008982
9.147297147297138
9.312465312465305
9.477633477633471
9.642801642801636
9.807969807969803
9.97313797313797
10.138306138306135
10.303474303474301
10.323010323010323
10.323010323010323
10.323010323010323
10.323010323010323
10.323010323010323
10.323010323010323
10.323010323010323
10.323010323010323
10.323010323010323
10.323010323010323
10.323010323010323
10.323010323010323
10.323010323010323
10.323010323010323
10.323010323010323
10.323010323010323
10.323010323010323
10.323010323010323
10.323010323010323
10.323010323010323
10.323010323010323
10.323010323010323
10.323010323010323
10.323010323010323
10.323010323010323
10.323010323010323
10.323010323010323
10.323010323010323
10.323010323010323
10.323010323010323
10.323010323010323
10.323010323010323
10.323010323010323
10.323010323010323
10.323010323010323
10.323010323010323
10.323010323010323
10.323010323010323
10.323010323010323
10.323010323010323
10.323010323010323
10.323010323010323
10.323010323010323
10.323010323010323
10.323010323010323
10.323010323010323
10.323010323010323
10.323010323010323
10.323010323010323
10.323010323010323
10.323010323010323
10.323010323010323
10.323010323010323
10.323010323010323
10.323010323010323
10.323010323010323
10.323010323010323
10.323010323010323
10.323010323010323
10.323010323010323
10.323010323010323
10.323010323010323
10.323010323010323
10.323010323010323
10.323010323010323
10.323010323010323
10.323010323010323
10.323010323010323
10.323010323010323
10.323010323010323
10.323010323010323
10.323010323010323
10.323010323010323
10.323010323010323
10.323010323010323
10.323010323010323
10.323010323010323
10.323010323010323
10.323010323010323
10.323010323010323
10.323010323010323
10.323010323010323
10.323010323010323
10.323010323010323
10.12054612054613
9.12953712953711
8.991008991008982
8.991008991008982
8.991008991008982
8.991008991008982
8.991008991008982
8.991008991008982
8.991008991008982
8.991008991008982
8.991008991008982
8.991008991008982
8.991008991008982
8.991008991008982
8.991008991008982
8.991008991008982
8.991008991008982
8.991008991008982
8.991008991008982
8.991008991008982
8.991008991008982
8.991008991008982
8.991008991008982
8.991008991008982
8.991008991008982
8.991008991008982
8.991008991008982
8.991008991008982
8.991008991008982
8.991008991008982
8.991008991008982
8.991008991008982
8.991008991008982
8.991008991008982
8.991008991008982
8.991008991008982
8.991008991008982
8.991008991008982
8.991008991008982
8.991008991008982
8.991008991008982
8.991008991008982
8.991008991008982
8.991008991008982
8.991008991008982
8.991008991008982
8.991008991008982
8.991008991008982
8.991008991008982
8.991008991008982
8.991008991008982
8.991008991008982
8.991008991008982
8.991008991008982
8.991008991008982
8.991008991008982
8.991008991008982
8.991008991008982
9.193473193473174
9.688977688977685
10.184482184482194
10.323010323010323
10.323010323010323
10.323010323010323
10.323010323010323
10.550338550338529
10.880674880674857
11.211011211011185
11.541347541347513
11.655011655011634
11.655011655011634
11.655011655011634
11.655011655011634
11.655011655011634
11.74736374736372
12.077700077700054
12.408036408036388
12.738372738372723
12.987012987012974
12.987012987012974
12.987012987012974
12.987012987012974
13.200133200133216
14.191142191142193
14.319014319014315
14.319014319014315
14.319014319014315
14.319014319014315
14.319014319014315
14.809190809190802
15.651015651015655
15.651015651015655
15.651015651015655
16.983016983016967
16.983016983016967
16.983016983016967
17.238761238761217
17.569097569097554
17.899433899433888
18.229770229770224
18.315018315018307
18.315018315018307
18.315018315018307
18.315018315018307
18.315018315018307
18.315018315018307
18.315018315018307
18.315018315018307
18.65068265068263
19.14618714618714
19.641691641691647
19.647019647019647
19.860139860139853
20.19047619047618
20.52081252081251
20.851148851148835
20.97902097902096
20.97902097902096
20.97902097902096
20.97902097902096
20.97902097902096
21.09623709623708
21.591741591741567
22.087246087246058
22.492174492174467
22.822510822510804
23.152847152847137
23.483183483183474
23.64302364302364
23.64302364302364
23.64302364302364
23.64302364302364
23.64302364302364
23.64302364302364
23.64302364302364
23.64302364302364
23.64302364302364
23.64302364302364
23.64302364302364
23.64302364302364
23.64302364302364
23.64302364302364
23.64302364302364
23.64302364302364
23.64302364302364
23.64302364302364
23.64302364302364
23.64302364302364
23.64302364302364
23.64302364302364
23.64302364302364
24.303696303696253
24.97502497502498
24.97502497502498
24.97502497502498
24.97502497502498
24.97502497502498
24.97502497502498
24.97502497502498
24.97502497502498
24.97502497502498
24.97502497502498
24.97502497502498
24.97502497502498
24.97502497502498
24.97502497502498
24.97502497502498
24.97502497502498
24.97502497502498
24.97502497502498
24.97502497502498
24.97502497502498
24.97502497502498
24.97502497502498
24.97502497502498
24.97502497502498
24.97502497502498
24.97502497502498
25.234321234321225
25.564657564657555
25.89499389499388
26.22533022533021
26.30702630702629
26.30702630702629
26.30702630702629
26.30702630702629
26.30702630702629
26.30702630702629
26.30702630702629
26.30702630702629
26.443423243423215
26.641625041625016
26.839826839826813
27.038028638028614
27.23623043623041
27.434432234432208
27.63263403263401
27.63902763902763
27.63902763902763
27.63902763902763
27.63902763902763
27.63902763902763
27.8343878343878
28.164724164724138
28.49506049506047
28.825396825396805
28.97102897102897
28.97102897102897
28.97102897102897
28.97102897102897
28.97102897102897
29.016317016317004
29.264069264069246
29.51182151182149
29.759573759573737
30.00732600732598
30.255078255078224
30.43623043623041
30.60139860139858
30.766566766566743
30.931734931734912
31.09690309690308
31.262071262071245
31.427239427239414
31.592407592407582
31.757575757575747
31.922743922743912
32.08791208791208
32.25308025308024
32.41824841824841
32.58341658341657
32.74858474858474
32.9137529137529
33.134865134865116
33.38261738261737
33.630369630369614
33.87812187812186
34.125874125874105
34.37362637362635
34.6213786213786
34.86913086913084
35.116883116883095
35.36463536463534
35.612387612387586
35.631035631035616
35.631035631035616
35.631035631035616
35.631035631035616
35.631035631035616
35.631035631035616
35.631035631035616
35.631035631035616
35.631035631035616
35.631035631035616
35.65539222682078
35.79696493982206
35.93853765282335
36.08011036582464
36.22168307882592
36.36325579182721
36.50482850482849
36.646401217829776
36.787973930831065
36.929546643832346
36.963036963036956
36.963036963036956
36.963036963036956
36.963036963036956
36.963036963036956
36.963036963036956
36.963036963036956
36.963036963036956
36.963036963036956
36.963036963036956
36.963036963036956
36.963036963036956
36.963036963036956
36.963036963036956
36.963036963036956
36.963036963036956
36.963036963036956
36.963036963036956
36.963036963036956
36.963036963036956
36.963036963036956
36.963036963036956
36.963036963036956
36.963036963036956
36.963036963036956
36.963036963036956
36.963036963036956
36.963036963036956
36.963036963036956
37.001398601398584
37.19960039960038
37.39780219780218
37.59600399600398
37.79420579420577
37.992407592407574
38.190609390609374
38.295038295038296
38.295038295038296
38.295038295038296
38.295038295038296
38.295038295038296
38.295038295038296
38.295038295038296
38.295038295038296
38.295038295038296
38.295038295038296
38.295038295038296
38.295038295038296
38.295038295038296
38.295038295038296
38.295038295038296
38.295038295038296
38.295038295038296
38.295038295038296
38.295038295038296
38.295038295038296
38.295038295038296
38.295038295038296
38.295038295038296
38.295038295038296
38.295038295038296
38.295038295038296
38.295038295038296
38.295038295038296
38.295038295038296
38.295038295038296
38.295038295038296
38.295038295038296
38.295038295038296
38.295038295038296
38.295038295038296
38.295038295038296
38.295038295038296
38.295038295038296
38.39893439893439
38.52281052281051
38.64668664668663
38.770562770562755
38.89443889443888
39.018315018315
39.14219114219112
39.26606726606724
39.38994338994336
39.513819513819485
39.63769563769561
39.76157176157173
39.88544788544786
40.00932400932398
40.133200133200106
40.257076257076235
40.38095238095236
40.50482850482848
40.628704628704604
40.752580752580734
40.87645687645686
41.04162504162501
41.28937728937726
41.53712953712951
41.78488178488176
42.03263403263401
42.28038628038626
42.528138528138506
42.77589077589076
43.023643023643004
43.27139527139526
43.51914751914751
43.71894771894771
43.88411588411587
44.04928404928404
44.2144522144522
44.37962037962037
44.54478854478853
44.70995670995669
44.87512487512486
45.15964035964034
45.556043956043936
45.95244755244753
46.34885114885113
46.74525474525473
47.14165834165833
47.53806193806192
48.144744144744124
48.80541680541678
49.46608946608944
50.12676212676211
50.47219447219446
50.71994671994671
50.96769896769896
51.21545121545121
51.463203463203456
51.71095571095571
51.958707958707954
52.20646020646021
52.45421245421245
52.701964701964705
52.948384948384955
53.07226107226108
53.196137196137194
53.32001332001332
53.44388944388944
53.56776556776556
53.691641691641685
53.81551781551781
53.93939393939393
54.06327006327005
54.187146187146176
54.36430236430235
54.69463869463868
55.02497502497501
55.355311355311336
55.685647685647666
56.015984015983996
56.346320346320326
56.676656676656656
57.00699300699298
57.33732933732931
57.66766566766564
57.99800199800197
58.3283383283383
58.65867465867463
58.98901098901096
59.31934731934729
59.64968364968362
59.98001998001995
60.31035631035628
60.64069264069261
60.97102897102894
61.30136530136527
61.6317016317016
61.96203796203793
62.29237429237426
62.6227106227106
62.95304695304693
63.28338328338326
63.61585081585079
64.01225441225439
64.40865800865798
64.80506160506158
65.20146520146518
65.59786879786877
65.99427239427237
66.32887112887111
66.52707292707291
66.7252747252747
66.9234765234765
67.1216783216783
67.3198801198801
67.51808191808189
67.83349983349979
68.22990342990337
68.62630702630697
69.02271062271058
69.41911421911418
69.81551781551777
70.21192141192137
70.40692640692639
70.57209457209456
70.73726273726271
70.90243090243088
71.06759906759905
71.2327672327672
71.39793539793537
71.56310356310354
71.86147186147183
72.19180819180815
72.52214452214449
72.85248085248081
73.18281718281715
73.51315351315347
73.8434898434898
74.17382617382613
74.38161838161837
74.54678654678652
74.71195471195469
74.87712287712286
75.04229104229103
75.2074592074592
75.37262737262736
75.53779553779553
75.85960705960704
76.25601065601063
76.65241425241423
77.04881784881782
77.4452214452214
77.84162504162501
78.2380286380286
78.44475524475521
78.64295704295702
78.84115884115882
79.03936063936062
79.23756243756242
79.43576423576421
79.64568764568762
79.89343989343986
80.1411921411921
80.38894438894435
80.6366966366966
80.88444888444884
81.06116106116103
81.2263292263292
81.39149739149735
81.55666555666552
81.72183372183369
81.88700188700186
82.05217005217003
82.2173382173382
82.64535464535462
83.1408591408591
83.63636363636361
84.13186813186812
84.62737262737261
84.91508491508492
84.91508491508492
84.91508491508492
84.91508491508492
84.91508491508492
84.91508491508492
84.91508491508492
85.05361305361303
85.25181485181484
85.45001665001664
85.64821844821843
85.84642024642022
86.04462204462202
86.24282384282381
86.38561438561436
86.52718709861564
86.66875981161692
86.8103325246182
86.95190523761948
87.09347795062078
87.23505066362206
87.37662337662334
87.51819608962462
87.72027972027966
87.96803196803191
88.21578421578415
88.4635364635364
88.71128871128866
88.9590409590409
89.20679320679315
89.4545454545454
89.70229770229764
89.95004995004989
90.19780219780213
90.24309024309022
90.24309024309022
90.24309024309022
90.24309024309022
90.24309024309022
90.24309024309022
90.24309024309022
90.24309024309022
90.24309024309022
90.24309024309022
90.24309024309022
90.24309024309022
90.40174640174637
90.62197062197059
90.84219484219481
91.06241906241904
91.28264328264325
91.50286750286747
91.7230917230917
91.94331594331592
92.16354016354015
92.38376438376437
92.6039886039886
92.82421282421282
92.99538556681414
93.13695827981542
93.2785309928167
93.42010370581798
93.56167641881927
93.70324913182056
93.84482184482184
93.98639455782312
94.1279672708244
94.27461427461427
94.43978243978243
94.60495060495059
94.77011877011876
94.93528693528692
95.10045510045508
95.26562326562325
95.43079143079142
95.59595959595957
95.76112776112774
95.92629592629591
96.09146409146408
96.25663225663224
96.42180042180041
96.58696858696858
96.75213675213675
96.9030969030969
96.9030969030969
96.9030969030969
96.9030969030969
96.9030969030969
96.9030969030969
96.9030969030969
96.9030969030969
96.9030969030969
96.9030969030969
96.9030969030969
96.9030969030969
96.9030969030969
97.09916749916746
97.29736929736927
97.49557109557107
97.69377289377287
97.89197469197467
98.09017649017646
98.23509823509823
98.23509823509823
98.23509823509823
98.23509823509823
98.23509823509823
98.23509823509823
98.23509823509823
98.34378954378951
98.5419913419913
98.7401931401931
98.9383949383949
99.13659673659669
99.33479853479848
99.53300033300027
99.56709956709955
99.56709956709955
99.56709956709955
99.56709956709955
99.56709956709955
99.56709956709955
99.56709956709955
99.56709956709955
99.71841491841488
99.91661671661667
100.11481851481847
100.31302031302027
100.51122211122207
100.70942390942386
100.89910089910089
100.89910089910089
100.89910089910089
100.89910089910089
100.89910089910089
100.89910089910089
100.89910089910089
100.9310689310689
101.0301698301698
101.1292707292707
101.2283716283716
101.32747252747251
101.42657342657341
101.5256743256743
101.6247752247752
101.72387612387611
101.82297702297701
101.92207792207792
102.02117882117881
102.12027972027971
102.21938061938062
102.23110223110223
102.23110223110223
102.23110223110223
102.23110223110223
102.23110223110223
102.23110223110223
102.23110223110223
102.23110223110223
102.23110223110223
102.23110223110223
102.23110223110223
102.23110223110223
102.23110223110223
102.23110223110223
102.23110223110223
102.23110223110223
102.23110223110223
102.23110223110223
102.23110223110223
102.23110223110223
102.23110223110223
102.23110223110223
102.23110223110223
102.23110223110223
102.23110223110223
102.26520146520146
102.36430236430236
102.46340326340326
102.56250416250417
102.66160506160506
102.76070596070596
102.85980685980687
102.95890775890776
103.05800865800866
103.15710955710956
103.25621045621045
103.35531135531136
103.45441225441226
103.55351315351315
103.56310356310357
103.56310356310357
103.56310356310357
103.56310356310357
103.56310356310357
103.56310356310357
103.56310356310357
103.56310356310357
103.56310356310357
103.56310356310357
103.56310356310357
103.56310356310357
103.56310356310357
103.56310356310357
103.56310356310357
103.56310356310357
103.56310356310357
103.56310356310357
103.58015318015315
103.77835497835495
103.97655677655675
104.17475857475856
104.37296037296035
104.57116217116216
104.76936396936395
104.95548895548895
105.1206571206571
105.28582528582527
105.45099345099342
105.61616161616159
105.78132978132976
105.94649794649791
106.11166611166608
106.22710622710622
106.22710622710622
106.22710622710622
106.22710622710622
106.22710622710622
106.22710622710622
106.22710622710622
106.22710622710622
106.22710622710622
106.22710622710622
106.22710622710622
106.22710622710622
106.22710622710622
106.22710622710622
106.22710622710622
106.22710622710622
106.22710622710622
106.22710622710622
106.22710622710622
106.22710622710622
106.22710622710622
106.22710622710622
106.22710622710622
106.22710622710622
106.22710622710622
106.22710622710622
106.22710622710622
106.31022311022309
106.5084249084249
106.7066267066267
106.90482850482849
107.1030303030303
107.30123210123209
107.49943389943388
107.55910755910756
107.55910755910756
107.55910755910756
107.55910755910756
107.55910755910756
107.55910755910756
107.55910755910756
107.88233988233985
108.21267621267617
108.54301254301251
108.87334887334883
108.89110889110887
108.89110889110887
108.89110889110887
108.89110889110887
109.34398934398929
109.83949383949378
110.33499833499828
110.83050283050277
111.32600732600726
111.73271173271168
112.063048063048
112.39338439338434
112.72372072372066
112.88711288711286
112.88711288711286
112.88711288711286
112.88711288711286
112.88711288711286
112.88711288711286
112.88711288711286
112.88711288711286
112.88711288711286
112.88711288711286
112.88711288711286
112.88711288711286
112.88711288711286
112.88711288711286
112.88711288711286
112.88711288711286
112.88711288711286
112.88711288711286
112.88711288711286
112.88711288711286
112.88711288711286
112.88711288711286
113.21744921744917
113.54778554778551
113.87812187812185
114.2084582084582
114.21911421911423
114.21911421911423
114.21911421911423
114.21911421911423
114.21911421911423
114.21911421911423
114.21911421911423
114.21911421911423
114.21911421911423
114.21911421911423
114.21911421911423
114.21911421911423
114.21911421911423
114.21911421911423
114.21911421911423
114.21911421911423
114.21911421911423
114.21911421911423
114.21911421911423
114.21911421911423
114.21911421911423
114.21911421911423
114.21911421911423
114.21911421911423
114.21911421911423
114.21911421911423
114.21911421911423
114.21911421911423
114.21911421911423
114.21911421911423
114.21911421911423
114.21911421911423
114.21911421911423
114.25937025937029
114.36948236948238
114.4795944795945
114.5897065897066
114.6998186998187
114.8099308099308
114.92004292004292
115.03015503015502
115.14026714026713
115.25037925037923
115.36049136049134
115.47060347060344
115.58917273202984
115.73074544503112
115.8723181580324
116.01389087103368
116.15546358403496
116.29703629703624
116.43860901003752
116.5801817230388
116.72175443604009
116.86332714904137
117.30935730935715
117.80486180486167
118.3003663003662
118.79587079587074
119.29137529137527
120.02664002663998
121.01764901764888
122.00865800865776
122.6053946053945
123.10089910089901
123.56976356976352
123.81751581751577
124.065268065268
124.31302031302025
124.56077256077249
124.80852480852472
125.11666111666102
125.44699744699736
125.77733377733371
126.10767010767005
126.55344655344646
127.04895104895095
127.54445554445543
128.03996003995994
128.5354645354644
128.9776889776889
129.30802530802524
129.63836163836154
129.96869796869788
130.2510822510822
130.41625041625036
130.58141858141852
130.7465867465867
130.91175491175485
131.07692307692304
131.2420912420912
131.40725940725935
131.61904761904754
131.9906759906759
132.3623043623043
132.73393273393265
133.10556110556104
133.47718947718943
133.8488178488178
134.22044622044618
134.59207459207457
134.96370296370293
135.33533133533132
135.68742368742366
136.01776001776
136.34809634809633
136.67843267843267
137.008769008769
137.33910533910534
137.66944166944165
137.999777999778
138.33011433011433
138.66045066045066
138.990786990787
139.32112332112334
139.5949505040414
139.77513395695212
139.95531740986286
140.13550086277357
140.3156843156843
140.49586776859502
140.67605122150576
140.85623467441647
141.0364181273272
141.21660158023792
141.39678503314866
141.57696848605937
141.75715193897008
141.93733539188082
142.11751884479153
142.35859378716518
142.64173921316774
142.9248846391703
143.20803006517286
143.49117549117543
143.774320917178
144.05746634318058
144.34061176918314
144.6237571951857
144.90690262118827
145.19004804719083
145.4731934731934
145.75633889919595
146.03948432519852
146.32262975120108
146.60577517720364
146.88892060320623
147.1720660292088
147.45521145521136
147.69620123466268
147.92489561720322
148.15358999974376
148.3822843822843
148.61097876482484
148.83967314736537
149.0683675299059
149.29706191244645
149.525756294987
149.75445067752753
149.98314506006807
150.2118394426086
150.44053382514915
150.66922820768968
150.89792259023022
151.12661697277076
151.3553113553113
151.57482517482512
151.77302697302693
151.9712287712287
152.16943056943052
152.36763236763232
152.5658341658341
152.7640359640359
152.9622377622377
153.1604395604395
153.35864135864128
153.5568431568431
153.75504495504487
153.95324675324667
154.15144855144845
154.41164895710338
154.6819241364695
154.95219931583557
155.22247449520168
155.49274967456776
155.76302485393387
156.03330003329995
156.30357521266603
156.57385039203214
156.84412557139822
157.11440075076433
157.3846759301304
157.6549511094965
157.9252262888626
158.19753579753575
158.49483849483843
158.79214119214114
159.08944388944383
159.38674658674654
159.68404928404922
159.98135198135193
160.27865467865462
160.5759573759573
160.87326007326
161.1705627705627
161.4678654678654
161.7651681651681
162.0624708624708
162.28547210365386
162.4656555565646
162.6458390094753
162.82602246238605
163.00620591529676
163.1863893682075
163.3665728211182
163.54675627402892
163.72693972693966
163.90712317985037
164.0873066327611
164.26749008567182
164.44767353858256
164.62785699149327
164.808040444404
164.83516483516482
164.83516483516482
164.83516483516482
164.83516483516482
164.83516483516482
164.83516483516482
164.83516483516482
164.83516483516482
164.83516483516482
164.83516483516482
164.83516483516482
164.83516483516482
164.83516483516482
164.92514892514893
165.14537314537313
165.36559736559735
165.58582158582158
165.80604580604577
166.02627002627
166.24649424649422
166.46671846671842
166.68694268694264
166.90716690716687
167.12739112739106
167.3476153476153
167.4991674991675
167.4991674991675
167.4991674991675
167.4991674991675
167.4991674991675
167.4991674991675
167.4991674991675
167.57242757242756
167.6963036963037
167.8201798201798
167.94405594405592
168.06793206793205
168.19180819180815
168.31568431568428
168.43956043956038
168.5634365634365
168.68731268731264
168.81118881118874
168.9590409590409
169.11150388073457
169.26396680242829
169.41642972412197
169.56889264581565
169.72135556750936
169.87381848920305
170.02628141089673
170.1787443325904
170.33120725428412
170.4836701759778
170.6361330976715
170.7885960193652
170.94105894105888
171.09352186275257
171.24598478444628
171.39844770613996
171.5253635253635
171.60794760794758
171.69053169053166
171.77311577311573
171.8556998556998
171.93828393828392
172.020868020868
172.10345210345207
172.18603618603615
172.26862026862023
172.3512043512043
172.4337884337884
172.51637251637248
172.59895659895656
172.68154068154064
172.76412476412472
172.8467088467088
172.9292929292929
173.01187701187698
173.09446109446105
173.17704517704516
173.25962925962924
173.3422133422133
173.4247974247974
173.5073815073815
173.58996558996557
173.67254967254965
173.75513375513376
173.83771783771783
173.9203019203019
174.00288600288602
174.0854700854701
174.15917415917417
174.15917415917417
174.15917415917417
174.15917415917417
174.15917415917417
174.15917415917417
174.15917415917417
174.15917415917417
174.15917415917417
174.15917415917417
174.15917415917417
174.15917415917417
174.15917415917417
174.15917415917417
174.15917415917417
174.15917415917417
174.15917415917417
174.15917415917417
174.15917415917417
174.15917415917417
174.15917415917417
174.15917415917417
174.15917415917417
174.15917415917417
174.15917415917417
174.15917415917417
174.15917415917417
174.15917415917417
174.15917415917417
174.15917415917417
174.15917415917417
174.15917415917417
174.15917415917417
174.15917415917417
174.15917415917417
174.15917415917417
174.15917415917417
174.15917415917417
174.15917415917417
174.15917415917417
174.15917415917417
174.15917415917417
174.15917415917417
174.15917415917417
174.15917415917417
174.15917415917417
174.15917415917417
174.15917415917417
174.15917415917417
174.15917415917417
174.15917415917417
174.15917415917417
174.15917415917417
174.15917415917417
174.15917415917417
174.15917415917417
174.15917415917417
174.15917415917417
174.15917415917417
174.15917415917417
174.15917415917417
174.15917415917417
174.15917415917417
174.15917415917417
174.15917415917417
174.15917415917417
174.15917415917417
174.15917415917417
174.15917415917417
174.15917415917417
174.15917415917417
174.15917415917417
174.15917415917417
174.15917415917417
174.15917415917417
174.15917415917417
174.15917415917417
174.15917415917417
174.15917415917417
174.15917415917417
174.15917415917417
174.15917415917417
174.15917415917417
174.15917415917417
174.15917415917417
174.15917415917417
174.15917415917417
174.15917415917417
174.15917415917417
174.15917415917417
174.15917415917417
174.15917415917417
174.15917415917417
174.15917415917417
174.15917415917417
174.15917415917417
174.15917415917417
174.15917415917417
174.15917415917417
174.15917415917417
174.15917415917417
174.15917415917417
174.15917415917417
174.15917415917417
174.15917415917417
174.15917415917417
174.15917415917417
174.15917415917417
174.15917415917417
174.15917415917417
174.15917415917417
174.15917415917417
174.15917415917417
174.15917415917417
174.15917415917417
174.15917415917417
174.15917415917417
174.15917415917417
174.15917415917417
174.15917415917417
174.15917415917417
174.15917415917417
174.15917415917417
174.15917415917417
174.18272955115063
174.23488791909847
174.2870462870463
174.33920465499415
174.391363022942
174.44352139088983
174.49567975883767
174.5478381267855
174.59999649473335
174.6521548626812
174.70431323062903
174.75647159857687
174.8086299665247
174.86078833447255
174.91294670242038
174.96510507036822
175.01726343831606
175.0694218062639
175.12158017421174
175.17373854215958
175.22589691010742
175.27805527805526
175.33021364600313
175.38237201395097
175.4345303818988
175.48668874984665
175.5977355977356
175.71432489079547
175.83091418385536
175.94750347691524
176.06409276997513
176.180682063035
176.29727135609488
176.41386064915477
176.53044994221466
176.64703923527452
176.7636285283344
176.8802178213943
176.99680711445419
177.11339640751405
177.22998570057393
177.34657499363382
177.4631642866937
177.57975357975357
177.69634287281346
177.81293216587335
177.92952145893324
178.0461107519931
178.15517815517816
178.15517815517816
178.15517815517816
178.15517815517816
178.15517815517816
178.15517815517816
178.15517815517816
178.15517815517816
178.15517815517816
178.15517815517816
178.15517815517816
178.15517815517816
178.15517815517816
178.15517815517816
178.15517815517816
178.15517815517816
178.15517815517816
178.15517815517816
178.15517815517816
178.15517815517816
178.15517815517816
178.15517815517816
178.15517815517816
178.16701816701817
178.2220742220742
178.27713027713028
178.33218633218632
178.3872423872424
178.44229844229844
178.49735449735448
178.55241055241055
178.6074666074666
178.66252266252266
178.7175787175787
178.77263477263477
178.82769082769082
178.8827468827469
178.93780293780293
178.99285899285897
179.04791504791504
179.10297110297108
179.15802715802715
179.2130832130832
179.26813926813927
179.3231953231953
179.37825137825138
179.43330743330742
179.48830117251168
179.54045954045952
179.59261790840736
179.6447762763552
179.69693464430304
179.74909301225088
179.80125138019872
179.85340974814656
179.9055681160944
179.95772648404224
180.0098848519901
180.06204321993795
180.1142015878858
180.16635995583363
180.21851832378147
180.2706766917293
180.32283505967715
180.374993427625
180.42715179557283
180.47931016352067
180.5314685314685
180.58362689941634
180.63578526736418
180.68794363531202
180.74010200325986
180.7922603712077
180.8191808191808
180.8191808191808
180.8191808191808
180.8191808191808
180.8191808191808
180.8191808191808
180.8191808191808
180.8191808191808
180.8191808191808
180.8191808191808
180.8191808191808
180.8191808191808
180.8191808191808
180.8191808191808
180.8191808191808
180.8191808191808
180.8191808191808
180.8191808191808
180.8191808191808
180.8191808191808
180.8191808191808
180.8191808191808
180.8191808191808
180.8191808191808
180.8191808191808
180.8191808191808
180.8191808191808
180.8191808191808
180.8191808191808
180.8191808191808
180.8191808191808
180.8191808191808
180.8191808191808
180.8191808191808
180.8191808191808
180.8191808191808
180.8191808191808
180.8191808191808
180.8191808191808
180.8191808191808
180.8191808191808
180.8191808191808
180.8191808191808
180.8191808191808
180.8191808191808
180.8191808191808
180.8191808191808
180.8191808191808
180.8191808191808
180.8191808191808
180.8191808191808
180.8191808191808
180.8191808191808
180.8191808191808
180.8191808191808
180.8191808191808
180.8191808191808
180.8191808191808
180.8191808191808
180.8191808191808
180.8191808191808
180.8191808191808
180.8191808191808
180.8191808191808
180.8191808191808
180.8191808191808
180.8191808191808
180.8191808191808
180.8191808191808
180.8191808191808
180.8191808191808
180.8191808191808
180.8191808191808
180.8191808191808
180.8191808191808
180.8191808191808
180.8191808191808
180.8191808191808
180.8191808191808
180.8191808191808
180.8191808191808
180.8191808191808
180.8191808191808
180.8191808191808
180.8191808191808
180.8191808191808
180.8191808191808
180.8191808191808
180.8191808191808
180.8191808191808
180.8191808191808
180.8191808191808
180.8191808191808
180.8191808191808
180.8191808191808
180.8191808191808
180.8191808191808
180.8191808191808
180.8191808191808
180.8191808191808
180.8191808191808
180.8191808191808
180.8191808191808
180.8191808191808
180.8191808191808
180.8191808191808
180.8191808191808
180.8191808191808
180.8191808191808
180.8191808191808
180.8191808191808
180.8191808191808
180.8191808191808
180.8191808191808
180.8191808191808
180.8191808191808
180.8191808191808
180.8191808191808
180.8191808191808
180.8191808191808
180.8191808191808
180.8191808191808
180.8191808191808
180.8191808191808
180.8191808191808
180.8191808191808
180.8191808191808
180.8191808191808
180.8191808191808
180.8191808191808
180.8191808191808
180.8191808191808
180.8191808191808
180.8191808191808
180.8191808191808
180.8191808191808
180.8191808191808
180.8191808191808
180.8191808191808
180.8191808191808
180.8191808191808
180.8191808191808
180.8191808191808
180.8191808191808
180.8191808191808
180.8191808191808
180.8191808191808
180.8191808191808
180.8191808191808
180.8191808191808
180.8191808191808
180.7254079254079
180.626307026307
180.5272061272061
180.4281052281052
180.3290043290043
180.22990342990343
180.13080253080253
180.03170163170162
179.93260073260075
179.83349983349984
179.73439893439897
179.63529803529806
179.53619713619716
179.48717948717947
179.48717948717947
179.48717948717947
179.48717948717947
179.48717948717947
179.48717948717947
179.48717948717947
179.48717948717947
179.48717948717947
179.48717948717947
179.48717948717947
179.48717948717947
179.48717948717947
179.48717948717947
179.48717948717947
179.48717948717947
179.48717948717947
179.48717948717947
179.48717948717947
179.48717948717947
179.48717948717947
179.48717948717947
179.48717948717947
179.48717948717947
179.48717948717947
179.48717948717947
179.48717948717947
179.48717948717947
179.48717948717947
179.48717948717947
179.48717948717947
179.48717948717947
179.48717948717947
179.48717948717947
179.48717948717947
179.48717948717947
179.48717948717947
179.48717948717947
179.48717948717947
179.48717948717947
179.48717948717947
179.48717948717947
179.48717948717947
179.48717948717947
179.48717948717947
179.48717948717947
179.48717948717947
179.48717948717947
179.48717948717947
179.48717948717947
179.48717948717947
179.48717948717947
179.48717948717947
179.48717948717947
179.48717948717947
179.48717948717947
179.48717948717947
179.48717948717947
179.48717948717947
179.48717948717947
179.48717948717947
179.48717948717947
179.48717948717947
179.48717948717947
179.48717948717947
179.48717948717947
179.48717948717947
179.48717948717947
179.48717948717947
179.48717948717947
179.48717948717947
179.48717948717947
179.48717948717947
179.48717948717947
179.48717948717947
179.48717948717947
179.48717948717947
179.48717948717947
179.48717948717947
179.48717948717947
179.48717948717947
179.48717948717947
179.48717948717947
179.48717948717947
179.48717948717947
179.48717948717947
179.48717948717947
179.48717948717947
179.48717948717947
179.43789543789543
179.37595737595737
179.31401931401933
179.25208125208127
179.1901431901432
179.12820512820514
179.06626706626707
179.004329004329
178.94239094239094
178.8804528804529
178.81851481851484
178.75657675657678
178.6946386946387
178.63270063270065
178.57076257076258
178.50882450882452
178.44688644688648
178.38494838494842
178.32301032301035
178.2610722610723
178.19913419913422
178.1382539029598
178.07995925642987
178.02166460989991
177.96336996336998
177.90507531684005
177.8467806703101
177.78848602378017
177.7301913772502
177.67189673072028
177.61360208419032
177.5553074376604
177.49701279113046
177.4387181446005
177.38042349807057
177.3221288515406
177.26383420501068
177.20553955848075
177.1472449119508
177.08895026542086
177.0306556188909
176.97236097236097
176.91406632583102
176.85577167930109
176.8231768231768
176.8231768231768
176.8231768231768
176.8231768231768
176.8231768231768
176.8231768231768
176.8231768231768
176.8231768231768
176.8231768231768
176.8231768231768
176.8231768231768
176.8231768231768
176.8231768231768
176.8231768231768
176.8231768231768
176.75817515817513
176.65907425907426
176.55997335997336
176.46087246087245
176.36177156177155
176.26267066267067
176.16356976356977
176.06446886446886
175.96536796536796
175.86626706626706
175.76716616716618
175.66806526806528
175.56896436896437
175.49117549117548
175.49117549117548
175.49117549117548
175.49117549117548
175.49117549117548
175.49117549117548
175.49117549117548
175.49117549117548
175.49117549117548
175.49117549117548
175.49117549117548
175.49117549117548
175.49117549117548
175.49117549117548
175.49117549117548
175.6616716616715
176.05807525807512
176.45447885447874
176.85088245088232
177.24728604728594
177.64368964368956
178.04009324009317
178.5068265068264
179.0023310023309
179.49783549783535
179.99333999333984
180.4888444888443
181.0669330669328
181.81018981018954
182.55344655344626
183.296703296703
184.0399600399597
184.78321678321643
185.0522810522809
185.30003330003316
185.54778554778542
185.79553779553765
186.04329004328991
186.4348984348982
186.93040293040272
187.42590742590724
187.9214119214118
188.4169164169163
188.89217449217443
189.288578088578
189.68498168498158
190.08138528138517
190.47778887778873
190.8741924741923
191.27059607059587
191.47519147519145
191.47519147519145
191.47519147519145
191.47519147519145
191.47519147519145
191.47519147519145
191.47519147519145
191.47519147519145
191.54445554445547
191.70962370962363
191.8747918747918
192.03996003995996
192.20512820512815
192.3702963702963
192.53546453546448
192.70063270063267
192.98301698301682
193.47852147852134
193.97402597402584
194.46953046953033
194.96503496503482
195.46053946053934
195.95604395604383
196.45154845154832
196.89910089910083
197.22943722943714
197.55977355977348
197.8901098901098
198.22044622044612
198.55078255078246
198.8811188811188
199.2114552114551
199.46719946719944
199.46719946719944
199.46719946719944
199.46719946719944
199.46719946719944
199.46719946719944
199.46719946719944
199.46719946719944
199.52047952047946
199.8508158508158
200.18115218115213
200.51148851148847
200.7992007992008
200.7992007992008
200.7992007992008
200.7992007992008
200.8231768231768
201.07092907092905
201.31868131868129
201.56643356643352
201.81418581418575
202.061938061938
202.13120213120212
202.13120213120212
202.13120213120212
202.13120213120212
202.13120213120212
